Sample	Type	Age	c.1494A>C (p.L498F)	c.1494A>G (p.L498L)	c.1494A>T (p.L498F)	c.1495T>A (p.C499S)	c.1495T>C (p.C499R)	c.1495T>G (p.C499G)	c.1496G>A (p.C499Y)	c.1496G>C (p.C499S)	c.1496G>T (p.C499F)	c.1497C>A (p.C499X)	c.1497C>G (p.C499W)	c.1497C>T (p.C499C)	c.1498A>C (p.I500L)	c.1498A>G (p.I500V)	c.1498A>T (p.I500L)	c.1499T>A (p.I500K)	c.1499T>C (p.I500T)	c.1499T>G (p.I500R)
294	sperm	71.77	0	0	0	0	0	0	0	0	3.551307062	4.501755755	0	0	0	33.37339056	0.608661725	0	12.704643	0
306	sperm	45.76	0	0	0	0	0	0	0.761173184	0	8.566689944	7.599511173	0	0.199022346	0	8.535265363	0	0	1.208100559	0
526	sperm	54.17	0	0	0	0	0	0	0.09375	0	5.174592391	5.867527174	0	0	0	11.45991848	0	0	0.515625	0
545	sperm	75.86	0	0	0	0	0	0	0	0	4.790631654	1.985934576	0	0	0	15.95522292	0	0	1.054906768	0
726	sperm	46.34	0	0	0	0	0	0	0.403087836	0	2.667640309	1.704986439	0	0	0	0	0	0	0	0
860	sperm	41.62	0	0	0	0	0	0	0.053128167	0	2.779488592	4.34027607	0	0.167353725	0	2.461900217	0	0	0	0
868	sperm	39.31	0	0.387156906	0	0	0	0	0.120807294	0	2.595026707	3.034521491	0	0.084959432	0	0.30829161	0	0	0	0
869	sperm	37.25	0	0	0	0	0.026077701	0	0.071846727	0	0	0.177754125	0	0.235231506	0	0.065460351	0	0	0.014369345	0
872	sperm	40.63	0	0	0	0	0	0	0	0	2.507619951	2.43343897	0	0	0	13.19422297	0	0	0	0
879	sperm	47.09	0	0	0	0	0	0	0.369162937	0	13.73318191	8.364486606	0	0.92952101	0.495023048	6.230877146	0	0	0	0
885	sperm	37.34	0	0	0	0	0	0	0.005084197	0	2.466297934	1.922751013	0	0.910995732	0	0.769100405	0	0	0	0
888	sperm	33.88	0	0	0	0	0	0	0.320294337	0	2.221068551	2.666636571	0	0.125273683	0	1.070920705	0	0	0	0
898	sperm	38.84	0	0	0	0	0	0	0	0	1.697267085	2.555649433	0	0.053618432	0	5.748383323	0	0	0.916875183	3.064049654
901	sperm	30.26	0	0	0	0	0	0	0.356391577	0	3.766856358	3.399171852	0	0.368016652	0	4.406235469	0	0	0.242133699	0
903	sperm	38.28	0	0	0	0	0	0	0.708484093	0	2.474965094	3.091566952	0	0.876484454	0	0.359421682	0	0	2.344798595	0
904	sperm	33.51	0	0	0	0	0	0	0.11143753	0	1.735544194	1.732154459	0	1.312251066	0	1.267760798	0	0	0	0
915	sperm	36.39	0	0	0	0	0.023280556	0	0.037924776	0	0.232805557	0.711558921	0	0.064584768	0	0.046185619	0	0	0	0
916	sperm	44.12	0	0	0	0	0	0	0.491492637	0	2.504835972	1.515929099	0	0.827839406	0	11.32742489	0	0	0	0
917	sperm	37.84	0	0	0	0	0	0	0.166629389	0	1.510847685	3.424289868	0	0.26951465	0	6.042272422	0	0	0	0
920	sperm	32.58	0	0	0	0	0	0	0	0	3.732132572	3.728991047	0	0.095816535	0	1.665008639	0	0	0	0
921	sperm	31.49	0	0	0	0	0	0	0	0	3.941958167	3.469995829	0	0.564924617	0	8.007270127	0	0	5.36320839	0
923	sperm	31.64	0	0	0	0	0	0	1.632059801	0	6.990982439	9.148077836	0	0.758186996	0	0	1.616041766	0	0	0
925	sperm	35.35	0	0	0	0	0	0	0.212962109	0	3.083801973	3.699179497	0	0	0	20.51488891	0	0	1.978888172	0
935	sperm	28.7	0	0	0	0	0	0	0	0	0.268396332	4.740550212	0	0	0	0	0	0	0	0
942	sperm	42.47	0	0	0	0	0	0	0.068122928	0	4.643225321	4.030536903	0	0.470591513	1.329441921	3.435819565	0	0	0	0
950	sperm	32.12	0	0	0	0	0	0	0	0	2.810136838	3.099117753	0	0.168797263	0	0.89124955	0	0	0	0
958	sperm	41.08	0	0	0	0	0	0	0.44734589	0	4.049657534	4.785958904	0	1.776541096	0.886130137	9.571917808	0	0	0	0
960	sperm	43.21	0	0	0	0	0	0	0.399337806	0	2.340298565	1.693215396	0	0.060059482	0	1.315244906	0	0	0	0
1010	sperm	32.1	0	0	0	0	0	0	0	0	3.998152475	1.755365973	0	0	0	0.017931859	0	0	0	0
1012	sperm	38.57	0	0	0	0	0	0	0	0	3.956577595	3.354573484	0	0	2.219167523	13.19090442	0	0	1.053699897	0
1018	sperm	59.88	0	0	0	0	0	0	0	0	2.857744462	1.882422303	0	0	4.292933547	91.96327803	0	0	2.476206519	0
1022	sperm	41.85	0	0	0	0	0	0	0.147512142	0	2.786490835	3.846142279	0	0.061801723	0	3.578184443	0	0	0.406898937	0
1023	sperm	36.99	0	0	0	0	0	0	0	0	6.114676936	3.25203252	0	0.340179718	0	5.466409927	0	0	0	0
1025	sperm	36.93	0	0	0.249570486	0	0	0	0.080025319	0	3.708291889	1.79853513	0	0.438104711	0	0	0	0	0	0
1026	sperm	43.79	0	0	0	0	0.069843471	0	0.334357044	0	1.583614028	2.365266495	0	0.430453735	0	0.141172974	0	0	0.009411532	0
1027	sperm	32.49	0	0.142914309	0	0	0	0	0.346995941	0	2.590750586	2.014520094	0	0.157777397	0	13.75007146	0	0	0	0
1028	sperm	50.63	0	0	0.590471553	0	0	0	0.084834638	0	2.087718641	1.851754747	0	0.059552792	0	19.02374621	0	0	0	0
1030	sperm	32.1	0	0	0	0	0	0	0.166029475	0	2.223130049	4.261269039	0	0.350095579	0	1.145557131	0.616945181	0	0	0
1031	sperm	47.59	0	0	0	0	0	0	0.212613188	0	1.150025928	2.871674179	0	1.060672544	0	0.947385217	0	0	1.41888388	0
1033	sperm	43.92	0	0	0	0	0	0	0.697309056	0	0.46527554	1.266516275	0	0.053174347	0	1.96382533	0	0	0	0
1037	sperm	27.98	0	0	0	0	0	0	0.199577614	0	2.919218585	4.026399155	0	0.974128828	0	1.36061246	0	0	0.495776135	0
1038	sperm	35.76	0	0.060061642	0	0	0.056900503	0	0.271067675	0	2.884539396	3.184057322	0	0.739706541	0	3.282842918	0	0	3.227522984	0
1039	sperm	33.75	0	0	0	0	0	0	0.273418118	0	2.031441778	2.447836419	0	0.242864231	0	1.998929308	0.168438096	0	0	0
1040	sperm	42.14	0	0	0	0	0	0	0.135571954	0	1.005465411	1.653658848	0	0.155987495	1.454926313	4.18933288	0	0	0.398741042	0
1046	sperm	35.11	0	0	0	0	0.004693786	0	0.207532409	0	2.422999553	2.162829683	0	0.411376844	0	1.646848458	0	0	0.115333035	0
1047	sperm	27.22	0	0	0	0	0.002063274	0	0	0	0	0	0	0.028885832	0	0	0	0	0.002063274	0
1048	sperm	37.4	0	0	0	0	0.030737143	0	0.030188265	0	0	0	0	0.04253801	0	0.045831275	0	0	0.012075306	0
1050	sperm	27.33	0	0	0	0	0.00499002	0	0.17772148	0	1.997159527	3.231613696	0	0.591125441	0	0.02994012	0	0	0	0
1052	sperm	34.81	0	0	0	0	0	0	0.822548575	0	1.651027314	1.453238916	0	0.392437297	0	1.618236997	0	0	0	0
1055	sperm	35.05	0	0	0	0	0	0	0.356863571	0	1.171649423	1.728374639	0	0.014436959	1.079162656	35.42694297	2.223291627	0	0	0
1056	sperm	37.1	0	0	0	0	0	0	0.57225018	0	1.39899353	1.538461538	0	0.152408339	0	0	0	0	0	0
1057	sperm	41.28	0	0	0	0	0.012706246	0	0.19611815	0	4.181459929	2.489319387	0	0.524270772	0	4.304655274	0	0	0	0
1124	sperm	39.06	0	0	0	0	0	0	0	0	12.91946698	12.97508691	0	0	0	9.05561993	0	0	0.613557358	0
14-780	sperm	42.39	0	0	0	0	0	0	0.1150026	0	1.764720144	1.952862134	0	0.144743258	0	31.59306482	0	0	0.392609015	0
17-801	sperm	59.53	0	0	0	0	0.002032403	0	0.044487044	0	1.496526096	1.784073488	0	0.07587638	0.337303628	14.66062633	0	0	1.145748389	0
21-810	sperm	55.93	0	0	0	0	0	0	0	0	1.065373124	1.794881025	0	0	5.812844235	70.78278556	5.775045898	0	4.669714533	0
27-566	sperm	41.7	0	0	0	0	0	0	0	0	0.615796519	0.446229362	0	0	1.14680946	23.20392682	1.334225792	0	2.217759929	0
AG (unspiked)	blood	56.25	0	0.706885839	0	0	0.01977066	0	0.010732644	0	0.15940801	0	0	0.02801785	0	0.118059086	0	0	0.020900412	0
AR (1240)	blood	26.41	0	0	0	0	0.179710145	0	0.495652174	0	7.498550725	5.44057971	0	0.617391304	0	0.579710145	0	0	0	0
IT (1063)	blood	39.06	0	0	0	0	0.219792702	0	0	0	2.240522505	2.261820247	0	0	0	0	0	0	0	0
IW (1236)	blood	24.76	0	0	0	0	0.02264061	0	0	0	0	0	0	1.466873213	0	0.023832221	0	0	0	0
PM (1239)	blood	57.01	0	0	0	0	0	0	0.286896255	0	3.299306936	2.485359695	0	0.327190673	0	0	0	0	0	0