Sample	Type	Age	c.1494A>C (p.L498F)	c.1494A>G (p.L498L)	c.1494A>T (p.L498F)	c.1495T>A (p.C499S)	c.1495T>C (p.C499R)	c.1495T>G (p.C499G)	c.1496G>A (p.C499Y)	c.1496G>C (p.C499S)	c.1496G>T (p.C499F)	c.1497C>A (p.C499X)	c.1497C>G (p.C499W)	c.1497C>T (p.C499C)	c.1498A>C (p.I500L)	c.1498A>G (p.I500V)	c.1498A>T (p.I500L)	c.1499T>A (p.I500K)	c.1499T>C (p.I500T)	c.1499T>G (p.I500R)
294	sperm	71.77	0	0.407335154	0.004682013	0	0.135778385	0.00702302	0.379243075	0.00702302	4.031213422	4.981662115	0.009364027	0.131096371	0.383925088	33.85329692	1.088568084	0.01404604	13.18454936	0
306	sperm	45.76	0.00349162	0.029678771	0.00523743	0.00349162	0.099511173	0	1.084148045	0.00698324	8.889664804	7.922486034	0.019203911	0.521997207	0.024441341	8.858240223	0.033170391	0.01047486	1.531075419	0.00349162
526	sperm	54.17	0	0.048913043	0.004076087	0	0.140625	0	0.430027174	0.018342391	5.510869565	6.203804348	0.008152174	0.132472826	0.018342391	11.79619565	0.018342391	0.010190217	0.851902174	0.002038043
545	sperm	75.86	0.003871217	0.034840957	0.007742435	0.001935609	0.098716046	0.001935609	0.270985225	0.017420479	5.127427576	2.322730499	0.003871217	0.292276921	0.005806826	16.29201884	0.017420479	0.009678044	1.39170269	0.001935609
726	sperm	46.34	0.002503651	0.010014605	0.002503651	0.002503651	0.070102232	0.003755477	0.545795952	0.007510953	2.810348425	1.847694555	0.010014605	0.061339453	0.006259128	0.070102232	0.01126643	0.005007302	0.036302942	0.001251826
860	sperm	41.62	0.001180626	0.025383457	0.002066095	0.001770939	0.059326453	0.001180626	0.144036363	0.006788599	2.870396789	4.431184266	0.008264381	0.258261922	0.004722504	2.552808414	0.007378912	0.001770939	0.042207377	0.002066095
868	sperm	39.31	0.001792393	0.472833295	0.001075436	0.001075436	0.084242475	0.001792393	0.206483683	0.008245008	2.680703096	3.12019788	0.005018701	0.170635822	0.001433914	0.393968	0.004301743	0.005018701	0.045526784	0.001792393
869	sperm	37.25	0.000532198	0.03672166	0.003193188	0.001596594	0.063863757	0.001064396	0.109632783	0.004257584	0.021820117	0.215540181	0.001596594	0.273017563	0.003193188	0.103246408	0.00266099	0.001064396	0.052155402	0.000532198
872	sperm	40.63	0.001513898	0.026947377	0.002422236	0.001513898	0.05601421	0.000908339	0.065097596	0.00605559	2.627823419	2.553642438	0.007266708	0.077208777	0.005147252	13.31442643	0.007872267	0.001513898	0.042994691	0.004238913
879	sperm	47.09	0.001603314	0.040082838	0.001202485	0.002004142	0.080566504	0	0.529895117	0.026454673	13.89391409	8.525218785	0.013628165	1.09025319	0.655755227	6.391609326	0.009219053	0.024851359	0.072549937	0.004809941
885	sperm	37.34	0.0004622	0.02033679	0.001386599	0.001386599	0.053615172	0.0004622	0.098448549	0.006470797	2.559662286	2.016115365	0.003235398	1.004360084	0.002773199	0.862464757	0.003235398	0.001386599	0.03928698	0.001386599
888	sperm	33.88	0.00135431	0.023700427	0.001692888	0.001015733	0.079565718	0.00135431	0.402230097	0.010495903	2.303004311	2.748572331	0.004401508	0.207209444	0.003724353	1.152856466	0.007448706	0.003385775	0.042999345	0.00270862
898	sperm	38.84	0.004386963	0.05020635	0.003412082	0.002924642	0.096025737	0.001462321	0.11796055	0.002924642	1.831800604	2.690182953	0.007311604	0.188151951	0.007311604	5.882916843	0.009261365	0.004874403	1.051408702	3.198583174
901	sperm	30.26	0.001660725	0.020260845	0.00199287	0.00265716	0.066761143	0.002989305	0.462345829	0.00730719	3.872810611	3.505126104	0.006310755	0.473970904	0.003653595	4.512189721	0.0066429	0.00398574	0.348087952	0.00332145
903	sperm	38.28	0.002252016	0.050445148	0.001351209	0.001351209	0.096386266	0.001801612	0.820634468	0.007656853	2.587115468	3.203717327	0.006305644	0.988634828	0.005404837	0.471572057	0.009008062	0.002252016	2.456948969	0.000900806
904	sperm	33.51	0.001694867	0.036015932	0.002966018	0.001694867	0.0805062	0.001694867	0.200841784	0.007626903	1.824948448	1.821558713	0.008474337	1.40165532	0.006355753	1.357165052	0.009321771	0.001694867	0.050846021	0.002118584
915	sperm	36.39	0.001126479	0.034920834	0.00262845	0.002252957	0.064584768	0.001501971	0.079228988	0.001501971	0.274109769	0.752863133	0.004505914	0.105888979	0.003754928	0.08748983	0.002252957	0.004130421	0.037173791	0.000750986
916	sperm	44.12	0.002960799	0.036713908	0.001776479	0.00118432	0.076388615	0.00118432	0.654336584	0.007105918	2.667679918	1.678773045	0.004737278	0.990683352	0.010658876	11.49026884	0.013027516	0.001776479	0.056255181	0.004145119
917	sperm	37.84	0.002795795	0.042496086	0.002236636	0.001118318	0.087228808	0.001677477	0.301945873	0.004473272	1.646164169	3.559606352	0.008946544	0.404831134	0.008387385	6.177588906	0.012301499	0.00559159	0.052560948	0.001677477
920	sperm	32.58	0.003141526	0.025132206	0.003141526	0.003141526	0.073825855	0.003141526	0.092675009	0.003141526	3.941044034	3.937902508	0.01099534	0.304727996	0.004712289	1.873920101	0.009424577	0.004712289	0.064401278	0.001570763
921	sperm	31.49	0	0.039330195	0.003575472	0.001787736	0.082235862	0	0.076872654	0.010726417	4.242297837	3.770335498	0.012514153	0.865264287	0.007150945	8.307609797	0.008938681	0.001787736	5.66354806	0
923	sperm	31.64	0	0.096108211	0.001779782	0.001779782	0.106786901	0	1.931063123	0.017797817	7.289985762	9.447081158	0.017797817	1.057190318	0.026696725	0.124584718	1.915045088	0.003559563	0.067631704	0
925	sperm	35.35	0	0.030423158	0.004148613	0.001382871	0.09818383	0	0.517193694	0.006914354	3.388033558	4.003411081	0.005531483	0.127224117	0.006914354	20.81912049	0.008297225	0.002765742	2.283119757	0.002765742
935	sperm	28.7	0	0.020129725	0.013419817	0.003354954	0.073808991	0.003354954	0.083873854	0.010064862	0.516662939	4.98881682	0.010064862	0.184522478	0.006709908	0.087228808	0.013419817	0.006709908	0.053679266	0
942	sperm	42.47	0.000835864	0.041793207	0.004179321	0.004179321	0.085676075	0.002925525	0.191830821	0.008358641	4.766933214	4.154244797	0.005433117	0.594299407	1.453149815	3.559527458	0.011702098	0.002925525	0.110334067	0.003343457
950	sperm	32.12	0.002700756	0.010803025	0.004051134	0	0.068869283	0.005401512	0.145840835	0.006751891	2.982985236	3.271966151	0.005401512	0.341645661	0	1.064097947	0.008102269	0.001350378	0.041861721	0
958	sperm	41.08	0.012842466	0.047089041	0.006421233	0.002140411	0.085616438	0.004280822	0.78125	0.014982877	4.383561644	5.119863014	0.012842466	2.110445205	1.220034247	9.905821918	0.008561644	0.002140411	0.04494863	0
960	sperm	43.21	0.000866243	0.019634831	0.002598728	0.000866243	0.044755864	0.002021233	0.471235936	0.006063698	2.412196695	1.765113526	0.003753718	0.131957612	0.004042465	1.387143036	0.00461996	0.001732485	0.029452246	0.002887475
1010	sperm	32.1	0.001304135	0.025104603	0.000652068	0.001304135	0.070097267	0.001304135	0.066836929	0.013367386	4.076726621	1.833940118	0.004238439	0.074009672	0.005542575	0.096506004	0.006194642	0.002282237	0.045644732	0.002934304
1012	sperm	38.57	0.000770812	0.022353546	0.002312436	0.000770812	0.077081192	0.000770812	0.2004111	0.006166495	4.164696814	3.562692703	0.004624872	0.082476876	2.427286742	13.39902364	0.014645427	0.006166495	1.261819116	0.000770812
1018	sperm	59.88	0.005053483	0.159184705	0.002526741	0.005053483	0.313315927	0.012633707	0.270361324	0.005053483	3.408574076	2.433251916	0.010106965	0.477554114	4.84376316	92.51410764	0.068222016	0.010106965	3.027036132	0
1022	sperm	41.85	0.00360886	0.052328466	0.002706645	0.003157752	0.110972437	0.001353322	0.264800084	0.006315505	2.903778777	3.963430221	0.008119934	0.179089665	0.010375472	3.695472385	0.012179902	0.003157752	0.524186879	0.002706645
1023	sperm	36.99	0.002139495	0.025673941	0.006418485	0.002139495	0.091998288	0.002139495	0.074882328	0.014976466	6.409927257	3.547282841	0.006418485	0.635430039	0.002139495	5.761660248	0.01283697	0.006418485	0.042789902	0.00427899
1025	sperm	36.93	0.004069084	0.010850891	0.417759291	0.001356361	0.073243512	0	0.248214124	0.013563613	3.876480694	1.966723935	0.002712723	0.606293517	0.001356361	0.073243512	0.016276336	0.005425445	0.042047201	0.001356361
1026	sperm	43.79	0.001981375	0.078264315	0.004458094	0.001981375	0.159996037	0.002972063	0.42450961	0.006934813	1.673766594	2.455419061	0.006439469	0.520606301	0.0079255	0.23132554	0.027739251	0.006439469	0.099564097	0.002972063
1027	sperm	32.49	0.001714972	0.31212485	0.000571657	0.004573258	0.121762991	0.004573258	0.516206483	0.01028983	2.759961127	2.183730635	0.008003201	0.326987938	0.017149717	13.919282	0.018864689	0.009718173	0.077173727	0.007431544
1028	sperm	50.63	0.003370913	0.058990973	0.772500843	0.003370913	0.12584741	0.00449455	0.266863927	0.007865463	2.269747931	2.033784037	0.006741826	0.241582082	0.019101839	19.2057755	0.020787295	0.002809094	0.08876737	0.006741826
1030	sperm	32.1	0.000924955	0.048097675	0.004162299	0.002312388	0.099432694	0.003699821	0.276099155	0.003237344	2.333199729	4.371338719	0.006937165	0.460165259	0.005549732	1.255626811	0.727014861	0.002774866	0.064284393	0.005087254
1031	sperm	47.59	0.002393394	0.036299813	0.002393394	0.000797798	0.078184212	0.004387889	0.307950058	0.005185688	1.245362799	2.96701105	0.010371375	1.156009414	0.004786788	1.042722087	0.007579082	0.001595596	1.514220751	0.002393394
1033	sperm	43.92	0	0.048340316	0.001208508	0.006042539	0.090638092	0.001208508	0.83266194	0.002417016	0.600628424	1.401869159	0.002417016	0.188527232	0.002417016	2.099178215	0.007251047	0.004834032	0.047131808	0
1037	sperm	27.98	0	0.031678986	0.004751848	0.001583949	0.080781415	0	0.416578669	0.012671595	3.136219641	4.243400211	0.009503696	1.191129884	0	1.577613516	0.015839493	0.007919747	0.712777191	0
1038	sperm	35.76	0.003161139	0.229182582	0.007112563	0.007902848	0.226021443	0.007112563	0.440188615	0.011854271	3.053660336	3.353178262	0.007112563	0.908827481	0.019757119	3.451963858	0.024498828	0.010273702	3.396643924	0.003951424
1039	sperm	33.75	0.00117515	0.032120753	0.001566866	0.001566866	0.085785914	0.00117515	0.365471496	0.002350299	2.123495156	2.539889797	0.005092315	0.334917609	0.00783433	2.090982686	0.260491474	0.001566866	0.059932625	0.003525449
1040	sperm	42.14	0.00223295	0.018501584	0.001913957	0.000956978	0.060608638	0.003189928	0.227122897	0.005422878	1.097016354	1.745209791	0.003189928	0.247538439	1.546477256	4.280883823	0.006379857	0.001913957	0.490291985	0.003508921
1046	sperm	35.11	0.002011623	0.03721502	0.002682164	0.001676352	0.08884667	0.002346893	0.291685293	0.007040679	2.507152436	2.246982566	0.004693786	0.495529727	0.004693786	1.731001341	0.009387573	0.001676352	0.199485919	0.002346893
1047	sperm	27.22	0.002063274	0.018569464	0.002063274	0	0.045392022	0	0.043328748	0.002063274	0.012379642	0.008253095	0.006189821	0.07221458	0.002063274	0.043328748	0.004126547	0.002063274	0.045392022	0
1048	sperm	37.4	0.001372194	0.013173061	0.000548878	0.000548878	0.046380153	0.000548878	0.045831275	0.000823316	0.012624184	0.004665459	0.000548878	0.05818102	0.003567704	0.061474285	0.004665459	0.001921071	0.027718316	0.001097755
1050	sperm	27.33	0	0.036081683	0.001535391	0.001919238	0.090971902	0.002686934	0.263703363	0.008060801	2.083141409	3.317595578	0.006525411	0.677107324	0.005373868	0.115922002	0.009212345	0.00499002	0.056041763	0.001535391
1052	sperm	34.81	0.001046499	0.029999651	0.001395333	0	0.077092127	0.001046499	0.902082534	0.006278997	1.730561273	1.532772875	0.004185998	0.471971256	0.003488332	1.697770956	0.005930164	0.003488332	0.04430181	0.002441832
1055	sperm	35.05	0	0.04737127	0.00270693	0.004060395	0.101509865	0.001353465	0.549055582	0.005865014	1.363841434	1.920566651	0.005865014	0.20662897	1.271354668	35.61913499	2.415483638	0.005413859	0.069026708	0.009474254
1056	sperm	37.1	0.001437815	0.014378145	0.005751258	0	0.057512581	0.001437815	0.708842559	0.008626887	1.535585909	1.675053918	0.008626887	0.289000719	0.002875629	0.070452912	0.005751258	0.001437815	0.050323508	0.005751258
1057	sperm	41.28	0.000552445	0.054139658	0.013811137	0.002209782	0.146950501	0.002762227	0.330362404	0.006629346	4.315704184	2.623563642	0.005524455	0.658515027	0.012706246	4.438899529	0.019335592	0.005524455	0.092810843	0.002762227
1124	sperm	39.06	0	0.034762457	0.005214368	0.010428737	0.100811124	0	0.192931634	0.027809965	13.27578216	13.33140209	0.036500579	0.278099652	0.005214368	9.41193511	0.006952491	0.003476246	0.969872538	0
14-780	sperm	42.39	0.001454706	0.054309028	0.003636765	0.00242451	0.076452888	0.003313497	0.192344474	0.004929837	1.842062019	2.030204009	0.005333922	0.222085133	0.008809054	31.6704067	0.021497324	0.004929837	0.46995089	0.009536407
17-801	sperm	59.53	0.001957129	0.034475577	0.002559322	0.001354935	0.063681962	0.0023335	0.106136603	0.004516451	1.558175655	1.845723046	0.003613161	0.137525938	0.398953187	14.72227589	0.015355934	0.003838983	1.207397947	0.005871387
21-810	sperm	55.93	0.002699881	0.115554916	0.00431981	0.011339501	0.12635444	0.005399762	0.105295367	0.005399762	1.321321862	2.050829763	0.005939739	0.145793585	6.068792973	71.0387343	6.030994636	0.005399762	4.925663271	0.01727924
27-566	sperm	41.7	0.008924587	0.156180277	0.004462294	0.004462294	0.455153949	0.008924587	0.290049085	0.004462294	1.173583222	1.004016064	0	0.133868809	1.704596162	23.76171352	1.892012494	0.022311468	2.775546631	0.004462294
AG (unspiked)	blood	56.25	0.001468678	0.728012201	0.001694628	0.000903802	0.040897023	0.001920578	0.031859007	0.001807603	0.180534373	0.01389595	0.001129752	0.049144213	0.001920578	0.139185449	0.005309834	0.00259843	0.042026775	0.002033554
AR (1240)	blood	26.41	0.005797101	0.130434783	0.202898551	0.028985507	0.533333333	0.008695652	0.849275362	0.014492754	7.852173913	5.794202899	0.017391304	0.971014493	0.034782609	0.933333333	0.104347826	0.237681159	0.171014493	0
IT (1063)	blood	39.06	0.002555729	0.002555729	0.001703819	0.00085191	0.335652421	0.002555729	0.034928298	0.008519097	2.356382223	2.377679966	0.003407639	0.043447395	0.00085191	0.080079512	0.006815278	0.002555729	0.032372569	0.001703819
IW (1236)	blood	24.76	0	0.02264061	0.002383222	0	0.110819828	0.001191611	0.072688275	0.001191611	0.039323165	0.005958055	0.003574833	1.555052431	0.004766444	0.112011439	0.011916111	0.002383222	0.059580553	0.001191611
PM (1239)	blood	57.01	0	0.032235534	0.024176651	0.001611777	0.085424166	0.00483533	0.472250578	0.00483533	3.484661258	2.670714017	0.011282437	0.512544995	0.00483533	0.133777467	0.030623758	0.003223553	0.078977059	0.00483533
