Sample	Type	Age	c.1494A>C (p.L498F)	c.1494A>G (p.L498L)	c.1494A>T (p.L498F)	c.1495T>A (p.C499S)	c.1495T>C (p.C499R)	c.1495T>G (p.C499G)	c.1496G>A (p.C499Y)	c.1496G>C (p.C499S)	c.1496G>T (p.C499F)	c.1497C>A (p.C499X)	c.1497C>G (p.C499W)	c.1497C>T (p.C499C)	c.1498A>C (p.I500L)	c.1498A>G (p.I500V)	c.1498A>T (p.I500L)	c.1499T>A (p.I500K)	c.1499T>C (p.I500T)	c.1499T>G (p.I500R)
294	sperm	71.77	0.483046627	0.890381781	0.48772864	0.483046627	0.618825011	0.490069647	0.862289701	0.490069647	4.514260048	5.464708741	0.492410653	0.614142998	0.866971715	34.33634354	1.571614711	0.497092667	13.66759598	0.483046627
306	sperm	45.76	0.326508179	0.35269533	0.328253989	0.326508179	0.422527732	0.323016559	1.407164604	0.329999799	9.212681364	8.245502593	0.34222047	0.845013766	0.3474579	9.181256783	0.35618695	0.333491419	1.854091978	0.326508179
526	sperm	54.17	0.338207713	0.387120757	0.3422838	0.338207713	0.478832713	0.338207713	0.768234887	0.356550104	5.849077278	6.542012061	0.346359887	0.470680539	0.356550104	12.13440337	0.356550104	0.348397931	1.190109887	0.340245757
545	sperm	75.86	0.343106161	0.374075901	0.346977378	0.341170552	0.437950989	0.341170552	0.610220168	0.356655422	5.466662519	2.661965442	0.343106161	0.631511864	0.345041769	16.63125378	0.356655422	0.348912987	1.730937634	0.341170552
726	sperm	46.34	0.145281298	0.152792252	0.145281298	0.145281298	0.21287988	0.146533124	0.6885736	0.150288601	2.953126072	1.990472202	0.152792252	0.204117101	0.149036775	0.21287988	0.154044077	0.14778495	0.179080589	0.144029473
860	sperm	41.62	0.092420232	0.116623064	0.093305702	0.093010545	0.150566059	0.092420232	0.23527597	0.098028206	2.961636395	4.522423873	0.099503988	0.349501528	0.09596211	2.64404802	0.098618519	0.093010545	0.133446983	0.093305702
868	sperm	39.31	0.088119139	0.559160042	0.087402182	0.087402182	0.170569221	0.088119139	0.292810429	0.094571754	2.767029842	3.206524626	0.091345447	0.256962568	0.087760661	0.480294746	0.09062849	0.091345447	0.131853531	0.088119139
869	sperm	37.25	0.039213129	0.075402591	0.041874119	0.040277525	0.102544688	0.039745327	0.148313714	0.042938515	0.060501048	0.254221112	0.040277525	0.311698493	0.041874119	0.141927338	0.041341921	0.039745327	0.090836332	0.039213129
872	sperm	40.63	0.121946671	0.14738015	0.12285501	0.121946671	0.176446984	0.121341112	0.185530369	0.126488364	2.748256192	2.674075211	0.127699482	0.19764155	0.125580025	13.43485921	0.128305041	0.121946671	0.163427465	0.124671687
879	sperm	47.09	0.163134101	0.201613625	0.162733273	0.163534929	0.242097291	0.161530787	0.691425904	0.18798546	14.05544488	8.686749573	0.175158952	1.251783977	0.817286015	6.553140113	0.17074984	0.186382147	0.234080724	0.166340728
885	sperm	37.34	0.094160889	0.114035479	0.095085289	0.095085289	0.147313862	0.094160889	0.192147239	0.100169486	2.653360976	2.109814055	0.096934088	1.098058774	0.096471888	0.956163447	0.096934088	0.095085289	0.132985669	0.095085289
888	sperm	33.88	0.083344276	0.105690393	0.083682854	0.083005699	0.161555684	0.083344276	0.484220063	0.092485869	2.384994277	2.830562298	0.086391474	0.28919941	0.085714319	1.234846432	0.089438672	0.085375741	0.124989312	0.084698586
898	sperm	38.84	0.139752811	0.185572199	0.138777931	0.138290491	0.231391586	0.13682817	0.253326399	0.138290491	1.967166453	2.825548801	0.142677453	0.3235178	0.142677453	6.018282692	0.144627214	0.140240252	1.186774551	3.333949022
901	sperm	30.26	0.107715256	0.126315376	0.108047401	0.108711691	0.172815674	0.109043836	0.56840036	0.113361721	3.978865142	3.611180635	0.112365286	0.580025435	0.109708126	4.618244252	0.112697431	0.110040271	0.454142483	0.109375981
903	sperm	38.28	0.114542658	0.162735791	0.113641852	0.113641852	0.208676908	0.114092255	0.93292511	0.119947495	2.699406111	3.316007969	0.118596286	1.100925471	0.11769548	0.583862699	0.121298705	0.114542658	2.569239612	0.113191449
904	sperm	33.51	0.091633088	0.125954152	0.092904238	0.091633088	0.170444421	0.091633088	0.290780004	0.097565123	1.914886668	1.911496933	0.098412557	1.491593541	0.096293973	1.447103272	0.099259991	0.091633088	0.140784241	0.092056804
915	sperm	36.39	0.042740276	0.076534631	0.044242247	0.043866755	0.106198565	0.043115769	0.120842786	0.043115769	0.315723567	0.79447693	0.046119712	0.147502777	0.045368726	0.129103628	0.043866755	0.045744219	0.078787588	0.042364783
916	sperm	44.12	0.166861281	0.20061439	0.165676962	0.165084802	0.240289097	0.165084802	0.818237066	0.1710064	2.8315804	1.842673527	0.168637761	1.154583835	0.174559359	11.65416932	0.176927998	0.165676962	0.220155664	0.168045601
917	sperm	37.84	0.138427523	0.178127813	0.137868364	0.136750046	0.222860535	0.137309205	0.437577601	0.140105	1.781795897	3.695238079	0.144578272	0.540462861	0.144019113	6.313220634	0.147933226	0.141223318	0.188192676	0.137309205
920	sperm	32.58	0.213247288	0.235237968	0.213247288	0.213247288	0.283931617	0.213247288	0.302780772	0.213247288	4.151149796	4.148008271	0.221101103	0.514833759	0.214818051	2.084025863	0.21953034	0.214818051	0.27450704	0.211676525
921	sperm	31.49	0.300907415	0.34023761	0.304482887	0.302695151	0.383143277	0.300907415	0.377780068	0.311633832	4.543205252	4.071242913	0.313421568	1.166171702	0.308058359	8.608517212	0.309846095	0.302695151	5.964455475	0.300907415
923	sperm	31.64	0.302471982	0.398580193	0.304251764	0.304251764	0.409258883	0.302471982	2.233535105	0.320269799	7.592457744	9.74955314	0.320269799	1.3596623	0.329168708	0.4270567	2.21751707	0.306031546	0.370103686	0.302471982
925	sperm	35.35	0.306203314	0.336626472	0.310351926	0.307586185	0.404387143	0.306203314	0.823397008	0.313117668	3.694236871	4.309614395	0.311734797	0.433427431	0.313117668	21.12532381	0.314500539	0.308969056	2.58932307	0.308969056
935	sperm	28.7	0.253772814	0.273902539	0.267192631	0.257127768	0.327581805	0.257127768	0.337646668	0.263837677	0.770435753	5.242589634	0.263837677	0.438295292	0.260482722	0.341001622	0.267192631	0.260482722	0.307452081	0.253772814
942	sperm	42.47	0.125327052	0.166284395	0.128670509	0.128670509	0.210167263	0.127416712	0.316322009	0.132849829	4.891424402	4.278735985	0.129924305	0.718790594	1.577641003	3.684018646	0.136193286	0.127416712	0.234825255	0.127834644
950	sperm	32.12	0.17745041	0.185552678	0.178800788	0.174749653	0.243618937	0.180151166	0.320590489	0.181501544	3.157734889	3.446715804	0.180151166	0.516395314	0.174749653	1.238847601	0.182851922	0.176100032	0.216611375	0.174749653
958	sperm	41.08	0.347957624	0.382204199	0.341536391	0.337255569	0.420731596	0.33939598	1.116365158	0.350098035	4.718676802	5.454978172	0.347957624	2.445560363	1.555149404	10.24093708	0.343676802	0.337255569	0.380063788	0.335115158
960	sperm	43.21	0.072943852	0.09171244	0.074676337	0.072943852	0.116833473	0.074098842	0.543313545	0.078141307	2.484274304	1.837191135	0.075831327	0.204035221	0.076120074	1.459220645	0.076697569	0.073810094	0.101529855	0.074965084
1010	sperm	32.1	0.080279685	0.104080153	0.079627618	0.080279685	0.149072817	0.080279685	0.145812479	0.092342936	4.155702171	1.912915669	0.08321399	0.152985223	0.084518125	0.175481555	0.085170192	0.081257787	0.124620282	0.081909854
1012	sperm	38.57	0.209994737	0.231577471	0.211536361	0.209994737	0.286305118	0.209994737	0.409635025	0.215390421	4.373920739	3.771916628	0.213848797	0.291700801	2.636510667	13.60824756	0.223869352	0.215390421	1.471043041	0.209994737
1018	sperm	59.88	0.556010687	0.710141909	0.553483946	0.556010687	0.864273131	0.563590911	0.821318528	0.556010687	3.95953128	2.98420912	0.56106417	1.028511319	5.394720364	93.06506484	0.619179221	0.56106417	3.577993337	0.550957204
1022	sperm	41.85	0.121401818	0.170121424	0.120499603	0.12095071	0.228765395	0.11914628	0.382593042	0.124108463	3.021571735	4.081223179	0.125912893	0.296882623	0.12816843	3.813265343	0.12997286	0.12095071	0.641979837	0.120499603
1023	sperm	36.99	0.297933808	0.321468253	0.302212798	0.297933808	0.387792601	0.297933808	0.37067664	0.310770778	6.70572157	3.843077154	0.302212798	0.931224351	0.297933808	6.057454561	0.308631283	0.302212798	0.338584214	0.300073303
1025	sperm	36.93	0.174420918	0.181202724	0.588111125	0.171708195	0.243595346	0.170351834	0.418565958	0.183915447	4.046832528	2.137075769	0.173064556	0.77664535	0.171708195	0.243595346	0.18662817	0.175777279	0.212399035	0.171708195
1026	sperm	43.79	0.093002316	0.169285256	0.095479035	0.093002316	0.251016978	0.093993004	0.515530551	0.097955754	1.764787535	2.546440002	0.09746041	0.611627242	0.098946441	0.322346481	0.118760192	0.09746041	0.190585039	0.093993004
1027	sperm	32.49	0.171695963	0.482105841	0.170552648	0.174554249	0.291743982	0.174554249	0.686187474	0.180270821	2.929942118	2.353711626	0.177984192	0.496968929	0.187130708	14.08926299	0.18884568	0.179699164	0.247154718	0.177412535
1028	sperm	50.63	0.18596126	0.241581321	0.95509119	0.18596126	0.308437757	0.187084898	0.449454275	0.19045581	2.452338278	2.216374384	0.189332173	0.424172429	0.201692186	19.38836584	0.203377643	0.185399441	0.271357717	0.189332173
1030	sperm	32.1	0.111777828	0.158950548	0.115015171	0.113165261	0.210285567	0.114552694	0.386952028	0.114090216	2.444052601	4.482191591	0.117790037	0.571018131	0.116402604	1.366479684	0.837867734	0.113627738	0.175137266	0.115940127
1031	sperm	47.59	0.098067955	0.131974373	0.098067955	0.096472359	0.173858772	0.10006245	0.403624619	0.100860248	1.341037359	3.06268561	0.106045936	1.251683975	0.100461349	1.138396648	0.103253642	0.097270157	1.609895311	0.098067955
1033	sperm	43.92	0.137400696	0.185741012	0.138609204	0.143443236	0.228038788	0.138609204	0.970062636	0.139817712	0.73802912	1.539269855	0.139817712	0.325927928	0.139817712	2.236578911	0.144651744	0.142234728	0.184532504	0.137400696
1037	sperm	27.98	0.217549493	0.249228479	0.222301341	0.219133442	0.298330908	0.217549493	0.634128162	0.230221087	3.353769134	4.460949704	0.227053189	1.408679377	0.217549493	1.795163009	0.233388986	0.225469239	0.930326684	0.217549493
1038	sperm	35.76	0.173309116	0.399330559	0.17726054	0.178050824	0.39616942	0.17726054	0.610336591	0.182002248	3.223808312	3.523326239	0.17726054	1.078975458	0.189905096	3.622111834	0.194646804	0.180421679	3.566791901	0.174099401
1039	sperm	33.75	0.093968201	0.124913804	0.094359917	0.094359917	0.178578965	0.093968201	0.458264547	0.09514335	2.216288207	2.632682848	0.097885366	0.42771066	0.100627381	2.183775737	0.353284525	0.094359917	0.152725676	0.0963185
1040	sperm	42.14	0.094364751	0.110633385	0.094045758	0.09308878	0.152740439	0.095321729	0.319254698	0.097554679	1.189148155	1.837341592	0.095321729	0.33967024	1.638609057	4.373015624	0.098511658	0.094045758	0.582423786	0.095640722
1046	sperm	35.11	0.086316653	0.121520051	0.086987194	0.085981383	0.1731517	0.086651924	0.375990323	0.09134571	2.591457467	2.331287596	0.088998817	0.579834758	0.088998817	1.815306371	0.093692603	0.085981383	0.283790949	0.086651924
1047	sperm	27.22	0.046084876	0.062591066	0.046084876	0.044021602	0.089413624	0.044021602	0.08735035	0.046084876	0.056401244	0.052274697	0.050211423	0.116236182	0.046084876	0.08735035	0.048148149	0.046084876	0.089413624	0.044021602
1048	sperm	37.4	0.017101485	0.028902352	0.016278169	0.016278169	0.062109444	0.016278169	0.061560566	0.016552607	0.028353475	0.02039475	0.016278169	0.073910311	0.019296995	0.077203576	0.02039475	0.017650363	0.043447607	0.016827046
1050	sperm	27.33	0.08654834	0.122630023	0.088083731	0.088467579	0.177520242	0.089235274	0.350251703	0.094609142	2.16968975	3.404143918	0.093073751	0.763655664	0.091922208	0.202470342	0.095760685	0.09153836	0.142590103	0.088083731
1052	sperm	34.81	0.081036712	0.109989863	0.081385545	0.079990212	0.157082339	0.081036712	0.982072746	0.086269209	1.810551485	1.612763087	0.08417621	0.551961468	0.083478544	1.777761168	0.085920376	0.083478544	0.124292023	0.082432044
1055	sperm	35.05	0.192598973	0.239970243	0.195305903	0.196659368	0.294108838	0.193952438	0.741654555	0.198463987	1.556440407	2.113165624	0.198463987	0.399227943	1.463953641	35.81173396	2.608082611	0.198012832	0.261625681	0.202073227
1056	sperm	37.1	0.138739396	0.151679727	0.14305284	0.137301582	0.194814163	0.138739396	0.846144141	0.145928469	1.672887491	1.8123555	0.145928469	0.426302301	0.140177211	0.207754494	0.14305284	0.138739396	0.18762509	0.14305284
1057	sperm	41.28	0.135583631	0.189170844	0.148842323	0.137240967	0.281981686	0.137793413	0.46539359	0.141660531	4.450735369	2.758594827	0.14055564	0.793546212	0.147737432	4.573930714	0.154366778	0.14055564	0.227842028	0.137793413
1124	sperm	39.06	0.356966458	0.391728915	0.362180827	0.367395195	0.457777582	0.356966458	0.549898092	0.384776423	13.63274861	13.68836854	0.393467038	0.635066111	0.362180827	9.768901568	0.363918949	0.360442704	1.326838996	0.356966458
14-780	sperm	42.39	0.078956565	0.131810886	0.081138624	0.079926369	0.153954746	0.080815356	0.269846333	0.082431696	1.919563877	2.107705867	0.082835781	0.299586991	0.086310912	31.74790856	0.098999182	0.082431696	0.547452749	0.087038265
17-801	sperm	59.53	0.063635407	0.096153856	0.064237601	0.063033214	0.12536024	0.064011778	0.167814881	0.06619473	1.619853933	1.907401325	0.065291439	0.199204217	0.460631465	14.78395417	0.077034212	0.065517262	1.269076225	0.067549665
21-810	sperm	55.93	0.259314822	0.372169856	0.260934751	0.267954442	0.382969381	0.262014703	0.361910308	0.262014703	1.577936803	2.307444704	0.262554679	0.402408526	6.325407914	71.29534924	6.287609577	0.262014703	5.182278212	0.27389418
27-566	sperm	41.7	0.571785813	0.719041502	0.567323519	0.567323519	1.018015175	0.571785813	0.852910311	0.567323519	1.736444447	1.56687729	0.562861225	0.696730034	2.267457388	24.32457475	2.45487372	0.585172694	3.338407856	0.567323519
AG (unspiked)	blood	56.25	0.022716422	0.749259946	0.022942373	0.022151546	0.062144768	0.023168323	0.053106752	0.023055348	0.201782118	0.035143695	0.022377497	0.070391958	0.023168323	0.160433194	0.026557579	0.023846174	0.06327452	0.023281298
AR (1240)	blood	26.41	0.36168409	0.486321771	0.558785539	0.384872496	0.889220322	0.364582641	1.205162351	0.370379742	8.208060902	6.150089887	0.373278293	1.326901481	0.390669597	1.289220322	0.460234815	0.593568148	0.526901481	0.355886988
IT (1063)	blood	39.06	0.118645126	0.118645126	0.117793217	0.116941307	0.451741818	0.118645126	0.151017695	0.124608494	2.472471621	2.493769363	0.119497036	0.159536792	0.116941307	0.196168909	0.122904675	0.118645126	0.148461966	0.117793217
IW (1236)	blood	24.76	0.088213732	0.110854342	0.090596954	0.088213732	0.19903356	0.089405343	0.160902007	0.089405343	0.127536897	0.094171787	0.091788565	1.643266163	0.092980176	0.200225171	0.100129843	0.090596954	0.147794285	0.089405343
PM (1239)	blood	57.01	0.186917525	0.219153059	0.211094176	0.188529302	0.272341691	0.191752855	0.659168103	0.191752855	3.671578783	2.857631542	0.198199962	0.699462521	0.191752855	0.320694992	0.217541283	0.190141079	0.265894584	0.191752855